[soft.jpg]
filters=finetune2=1,0.444444,0.000000,0.000000,00000000,-0.368421;finetune2=1,0.345029,0.072982,0.000000,00000000,0.000000;
moddate=8207df99b47bd701
width=714
height=335
textactive=0
