[soft.jpg]
filters=sat=1,-0.415205;finetune2=1,0.157895,0.028070,0.348070,ffe9e5ea,-0.263158;autolight=1;finetune2=1,0.426901,0.064561,0.000000,00000000,-0.087719;fill=1,0.280374;
moddate=895724d30389d701
width=714
height=335
textactive=0
